0.4440741707454597
0.3882234703730833
0.4327005884645747
0.3320620401378021
0.379163438381786
0.37122676058112447
0.4110285351628837
0.39088557354219666
0.41183140454540557
0.780709827880311
0.4290595932378796
0.39026554307486383
0.31714372295452353
0.32195992757109804
0.48907782237616565
0.4042099209461815
0.44907356388652886
0.43599634287621464
0.6031398531419697
0.3676230709816095
0.4485818266031303
0.3758696871530309
0.49825487553995607
0.3321878623997512
0.40393271826849353
0.5235334176951691
0.3233351678896612
0.2620572668466835
0.49912777926939417
0.4706064644966604
0.3723724773724306
0.4006664069029073
0.38338923748563974
0.3338263656299634
0.391088421984412
0.3454026773216828
0.4998146386853323
0.47018300899403137
0.44709029197653294
0.4895767364944663
0.31391705444867474
0.453560234297738
0.3867693309112354
0.638872193645791
0.35288581784089923
0.39485420807393207
0.477438419019858
0.29893874829856737
0.30539778247943433
0.476285437091598
0.39294077120573373
0.4207927647499773
0.40324438038193494
0.5059378073948501
0.7304955982466634
0.4300994038747114
0.4383415969199534
0.43738282013682167
0.3329981704448183
0.46038923118960967
0.32278903112845964
0.5060923472547969
0.44360544024581944
0.3525946921417945
0.4831963369018299
0.57321338079845
0.5622719629232263
0.5089135469080709
0.8260755279008027
0.4860797004445698
0.42844283060838817
0.38290355827667244
0.5061344230210351
0.444676394182343
0.5567495241856997
0.31142149317205114
0.45474310792761097
0.6141053713818636
0.31155023914244984
0.5188247500311846
0.29687943549058265
0.4710406431620887
0.6148383663131128
0.32945556973303963
0.43194911033165934
0.2860496473241323
0.34276214487017037
0.6143247800671924
0.5364114409983654
0.7188876201437294
0.49242772640977167
0.3308598776440727
0.5550528890038607
0.49167217429689003
0.4887863874740367
0.44057974678378176
0.39159692315724326
0.7297308011886604
0.6889548532139834
0.5672836266319481
0.33839284547505316
0.3814490972931589
0.41621031561643684
0.33312855589176776
0.3923735666593158
0.4309408027336159
0.38020541990013834
0.4480960333536869
0.41145157779316255
0.3722694505381614
0.3303206837788222
0.3439145128035789
0.4362447155767957
0.4225278293186342
0.37367797252578705
0.4035938442255181
0.3824949214217744
0.38703065953412136
0.30615640103865405
0.679829827688117
0.43746373414270934
0.7213123169010517
0.3717384902155928
0.4481845353764047
0.48063187593347945
0.5399700467862976
0.7675597830354179
0.3831804503184065
0.3544625872435861
0.3766590858147646
0.3935305489865022
0.47584950366398643
0.43739848060364345
0.39150731703733044
0.6854751543406571
0.4718908194286637
0.43353275888752024
0.5836096258891009
0.3373612474745591
0.39048079463723423
0.3423424697173563
0.5851543868988659
0.6417090725780794
0.47246037016456066
0.3920696544416563
0.3411262005651385
0.5199865071866828
0.3646805858984631
0.4953556319558457
0.39377066309882747
0.43071185462772693
0.4400080489131704
0.547846365928439
0.5472380880644953
0.3127704927234031
0.37304832639195484
0.4836888394852078
0.38222855652023335
0.4542704800380992
0.3869719185979577
0.33110791842918036
0.3324074338459432
0.37473496141611506
0.4836147665183233
0.3530754676511081
0.4627314851889536
0.34717816374131266
0.36924681117615726
0.8711654956255692
0.6473767684194595
0.5580668583070401
0.48231472792410646
0.4719299008225141
